3.0000000000000284
1.500000000000032
4.000000000000011
3.0000000000000284
3.0000000000000284
3.0000000000000284
1.500000000000032
1.500000000000032
1.500000000000032
1.500000000000032
1.500000000000032
1.500000000000032
1.500000000000032
8.500000000000014
3.0000000000000284
1.500000000000032
4.000000000000011
4.000000000000011
4.000000000000011
1.500000000000032
1.500000000000032
1.500000000000032
3.0000000000000284
1.500000000000032
1.500000000000032
4.000000000000011
1.500000000000032
3.0000000000000284
8.500000000000014
4.000000000000011
1.500000000000032
3.0000000000000284
4.000000000000011
1.500000000000032
8.500000000000014
8.500000000000014
1.500000000000032
1.500000000000032
1.500000000000032
8.500000000000014
1.500000000000032
1.500000000000032
3.0000000000000284
3.0000000000000284
4.000000000000011
1.500000000000032
3.0000000000000284
1.500000000000032
1.500000000000032
1.500000000000032
1.500000000000032
1.500000000000032
3.0000000000000284
3.0000000000000284
1.500000000000032
1.500000000000032
8.500000000000014
1.500000000000032
4.000000000000011
1.500000000000032
4.000000000000011
4.000000000000011
4.000000000000011
1.500000000000032
1.500000000000032
8.500000000000014
1.500000000000032
3.0000000000000284
1.500000000000032
1.500000000000032
4.000000000000011
1.500000000000032
4.000000000000011
1.500000000000032
1.500000000000032
1.500000000000032
1.500000000000032
1.500000000000032
8.500000000000014
8.500000000000014
1.500000000000032
3.0000000000000284
1.500000000000032
1.500000000000032
1.500000000000032
4.000000000000011
1.500000000000032
1.500000000000032
3.0000000000000284
1.500000000000032
3.0000000000000284
8.500000000000014
8.500000000000014
1.500000000000032
1.500000000000032
3.0000000000000284
3.0000000000000284
1.500000000000032
3.0000000000000284
1.500000000000032
3.0000000000000284
